13
14
15
16
17
18
19
20
21
22
23
24
25
26
27
28
29
30
31
32
33
34
35
36
308
309
310
311
312
313
314
315
316
318
319
320
321
322
323
324
325
327
328
329
330
331
332
333
334
335
336
337
338
339
341
342
343
344
345
346
347
348
349
350
351
352
353
354
355
357
358
359
360
361
572
573
574
575
576
577
578
579
580
581
582
583
584
585
587
588
589
590
592
593
594
595
596
597
598
599
600
601
602
603
606
607
608
609
610
611
612
615
616
617
619
620
621
622
623
624
626
628
630
631
809
810
811
814
815
816
817
818
823
824
825
826
827
828
829
830
832
833
836
837
838
839
840
841
842
843
850
851
853
860
861
862
863
865
866
867
868
869
871
873
878
879
880
881
882
885
886
887
888
889
890
891
894
895
896
897
898
899
900
901
902
903
905
906
907
908
909
910
912
913
914
915
916
917
920
929
936
938
939
940
941
942
943
944
949
954
955
956
957
958
959
960
961
965
967
968
969
970
